Score	ORR	ORR025	ORR975
0.0	0.0	0.0	0.0
0.01	0.0	0.0	0.0
0.02	0.0	0.0	0.0
0.03	0.0	0.0	0.0
0.04	0.0	0.0	0.0
0.05	0.0	0.0	0.0
0.06	0.0	0.0	0.0
0.07	0.0	0.0	0.0
0.08	0.0	0.0	0.0
0.09	0.0	0.0	0.0
0.1	0.0	0.0	0.0
0.11	0.0200479335195435	0.0	0.06521739130434782
0.12	0.017060354160809126	0.0	0.05454545454545454
0.13	0.0275534114349441	0.0	0.06944444444444445
0.14	0.025390300282414326	0.0	0.06329616234679526
0.15	0.023346437750941328	0.0	0.05952380952380952
0.16	0.022329159425046853	0.0	0.056179775280898875
0.17	0.0195152852264991	0.0	0.050638275048272896
0.18	0.027534122710205465	0.0	0.06187177835051545
0.19	0.034139729079026536	0.0	0.0720018018018018
0.2	0.03005687665745564	0.0	0.06452193084242283
0.21	0.03582725629142431	0.007406045751633988	0.07195840102111857
0.22	0.03318895598940714	0.006754504504504505	0.06667597765363127
0.23	0.04865463310680046	0.01935483870967742	0.08633315569766409
0.24	0.053946355494234724	0.024996890547263683	0.09093521421107625
0.25	0.07287734077124787	0.04122659373027562	0.11460336538461537
0.26	0.10040352348413993	0.062486172566371685	0.14220282347358432
0.27	0.10820372335367945	0.06722689075630252	0.1506374348902741
0.28	0.11304787898885833	0.0759395218002813	0.15789473684210525
0.29	0.12606564426205527	0.08646616541353383	0.16666666666666666
0.3	0.13823728707220295	0.09829843801927551	0.17949640287769783
0.31	0.1499198974299625	0.10995843032923179	0.19137590334236673
0.32	0.17196818518044302	0.13252917030899625	0.2140632131446828
0.33	0.18180665666170603	0.1441607568338305	0.22598913784960906
0.34	0.18403046068356543	0.14670461130524873	0.22906420361525087
0.35	0.19342184849932254	0.1565065451145395	0.23529819129868013
0.36	0.19002120601075123	0.15384078212290503	0.2307799442896936
0.37	0.2035916501834847	0.1676296472674724	0.24612645154948956
0.38	0.20785341751418646	0.1684116282441641	0.24932285264497206
0.39	0.20597478201696776	0.16408288077957672	0.24534712778859935
0.4	0.21045459652834558	0.1680355217904625	0.2530487804878049
0.41	0.21649723733188692	0.17455518857873428	0.25878950821542673
0.42	0.19886099967702886	0.1583266129032258	0.2403894927536232
0.43	0.2063537375448746	0.16262761808111312	0.2492883763242069
0.44	0.23716170157255526	0.18908585858585858	0.2867898328396106
0.45	0.231652649029884	0.18143659917638985	0.2809352280237938
0.46	0.23203757866577882	0.18112058030759473	0.28359130274553157
0.47	0.22912122158139306	0.17368094823836452	0.2843622959452343
0.48	0.2433339207119655	0.18567669172932333	0.30044895682014355
0.49	0.2638027208680266	0.20105687165988673	0.3295485764235764
0.5	0.28745833348994493	0.22220558882235528	0.3529574260643484
0.51	0.30199919070963277	0.23312447713329615	0.37081004764986175
0.52	0.3420085575444913	0.27268875192604003	0.41574170292914203
0.53	0.3416094226535074	0.2702635135135135	0.4161970134874759
0.54	0.34156880630451625	0.2736713735558408	0.41304347826086957
0.55	0.3750714509281588	0.3038992869875223	0.4439159891598916
0.56	0.4007490192968304	0.3315485489394941	0.4660355987055016
0.57	0.411200004029344	0.34111363731612254	0.4766367246138202
0.58	0.4056144397904707	0.3394474656482212	0.47085849526656703
0.59	0.4076824793080561	0.3416885564184559	0.47396383509389667
0.6	0.3897676826794629	0.3278636205092431	0.4532924633456229
0.61	0.3916445852636735	0.32710280373831774	0.4541923216226005
0.62	0.399398634962352	0.3365830539821986	0.46278535017730493
0.63	0.4085647002700514	0.34635878630623	0.47393426639020536
0.64	0.40526907735298484	0.33695366132723115	0.4706110941786041
0.65	0.4053564255834332	0.33773837070134843	0.47569554848966616
0.66	0.40274079879605085	0.33120738636363634	0.4772974308300395
0.67	0.4180206147476642	0.3431952662721893	0.49148051948051946
0.68	0.4485506178163207	0.37036435786435784	0.5290331957989498
0.69	0.4730683883911602	0.3912619988706945	0.5503139717425432
0.7	0.5199018050773512	0.43603355816010614	0.6030850129057059
0.71	0.5186301881535628	0.4251919291338583	0.6091017316017316
0.72	0.51720620243015	0.43063817450030695	0.6046664626682986
0.73	0.5190352905775871	0.4259213421342134	0.6074857980575408
0.74	0.5209150425310825	0.4242245989304813	0.6132182675814751
0.75	0.5055754223328364	0.4038109756097561	0.6020435593592276
0.76	0.523298693688175	0.42220883534136544	0.6282142857142857
0.77	0.5432942077398373	0.43373493975903615	0.6486486486486487
0.78	0.5519764840910729	0.4473684210526316	0.6588235294117647
0.79	0.5802985525113121	0.474989406779661	0.6901667357083678
0.8	0.6237982772199419	0.5142757936507936	0.7313432835820896
0.81	0.635103063614906	0.525	0.7416051364365971
0.82	0.6528042313947294	0.5394196779261587	0.7671232876712328
0.83	0.6375739871470323	0.5189436927106067	0.7567664092664093
0.84	0.6931970944870639	0.5846153846153846	0.8115942028985508
0.85	0.684149508494884	0.5833069620253165	0.7955006142506141
0.86	0.6945417381219268	0.5789268092105263	0.8095443349753695
0.87	0.6963460594007991	0.5817888563049853	0.8153846153846154
0.88	0.7222193018666936	0.6034355983772819	0.8333904109589041
0.89	0.7243102681338146	0.603448275862069	0.8378596338273757
0.9	0.7247926191318166	0.5882033248081842	0.8431372549019608
0.91	0.7366687021308719	0.590810276679842	0.8611742424242425
0.92	0.783262358747666	0.6341463414634146	0.9117647058823529
0.93	0.8367338315733146	0.6999418604651162	0.954594861660079
0.94	0.8524953329859454	0.7037037037037037	0.967741935483871
0.95	0.9549024487463578	0.8461538461538461	1.0
0.96	0.9480199109468075	0.8316176470588236	1.0
0.97	0.9333594930007594	0.7777777777777778	1.0
0.98	1.0	1.0	1.0
0.99	1.0	1.0	1.0
1.0	1.0	1.0	1.0
